Группа: 9371
	ФИО:Керилл
	Стипендия: 50000
	Оценки:
		1. 3
		2. 4
		3. 5
		4. 4
		5. 5

	ФИО:Орляхин
	Стипендия: 5
	Оценки:
		1. 2
		2. 2
		3. 2
		4. 2
		5. 1

	ФИО:Астахов
	Стипендия: 1000
	Оценки:
		1. 5
		2. 5
		3. 5
		4. 5
		5. 5

Группа: 9376
	ФИО:Соболев
	Стипендия: 100
	Оценки:
		1. 3
		2. 3
		3. 3
		4. 3
		5. 3

Группа: 9373
	ФИО:Ченская
	Стипендия: 50
	Оценки:
		1. 3
		2. 3
		3. 3
		4. 3
		5. 3

	ФИО:Баринова
	Стипендия: 500
	Оценки:
		1. 4
		2. 3
		3. 2
		4. 5
		5. 4

Группа: 9270
	ФИО:Денисенко
	Стипендия: 2000
	Оценки:
		1. 4
		2. 4
		3. 4
		4. 5
		5. 3

	ФИО:Еще челик с группы Денисенко
	Стипендия: 1000
	Оценки:
		1. 1
		2. 1
		3. 2
		4. 4
		5. 5

